Background Parameters
Peak: 156.44102700255465 +/- 7.9964709865426205
Alpha: 72.44968514468161 +/- 5.479690530184043
Beta: 0.09825441522786696 +/- 0.01251520297397867
Gamma: 0.09146733052194302 +/- 0.019574726895982674

Signal Parameters
Mean: 90.06674607909585 +/- 0.38967097417363944
Sigma 1: 3.652649769691665 +/- 0.4112174410107735
Sigma 2: 719632349.5432032 +/- 4164313068266862.5
Alpha: 69633.94056347523 +/- 10347.373847346546

N_sig: 58344.331868678295 +/- 241.54571382800046
N_bkg: 49105.66813132171 +/- 221.59798765178738
Total: 107450.0
