Background Parameters
Peak: 157.17966778518607 +/- 6.993314339199263
Alpha: 76.6998546407177 +/- 6.16622320545798
Beta: 0.07644519103796357 +/- 0.007432305957305767
Gamma: 0.10088032302637039 +/- 0.018369960993332043
Covariance:
[[ 4.89064454e+01 -4.22349652e+01  5.00042699e-02 -1.27646492e-01]
 [-4.22349652e+01  3.80223086e+01 -4.55427012e-02  1.12747903e-01]
 [ 5.00042699e-02 -4.55427012e-02  5.52391718e-05 -1.34015525e-04]
 [-1.27646492e-01  1.12747903e-01 -1.34015525e-04  3.37455467e-04]]

Signal Parameters
Mean: 90.37449558740958 +/- 0.13247735252477422
Sigma 1: 2.887486045748359 +/- 0.1401873417044501
Sigma 2: 2390988061.5681586 +/- 1.614609994537735e+16
Alpha: 409973.3005274143 +/- 16773.114694774784
Covariance:
[[ 1.75502489e-02  2.98856441e-04 -1.04177878e+14  2.63121948e+01]
 [ 2.98856441e-04  1.96524908e-02 -7.47507098e+14  1.43171810e+03]
 [-1.04177878e+14 -7.47507098e+14  2.60696543e+32 -6.58162587e+19]
 [ 2.63121948e+01  1.43171810e+03 -6.58162587e+19  2.81337377e+08]]

N_sig: 412562.5486337847 +/- 642.3103211328498
N_bkg: 102504.45136621529 +/- 320.1631636622416
Total: 515067.0
