Background Parameters
Peak: 156.44102700255465 +/- 7.9964709865426205
Alpha: 72.44968514468161 +/- 5.479690530184043
Beta: 0.09825441522786696 +/- 0.01251520297397867
Gamma: 0.09146733052194302 +/- 0.019574726895982674

Signal Parameters
Mean: 90.06665234085939 +/- 0.3817330542481627
Sigma: 3.652848261550794 +/- 0.38206083318557943
Amplitude: 7308.997389854515 +/- 661.5417602133816

N_sig: 57284.09878092927 +/- 239.3409676192717
N_bkg: 50165.90121907072 +/- 223.97745694393157
Total: 107450.0
