Background Parameters
Peak: 156.44102700255465 +/- 7.9964709865426205
Alpha: 72.44968514468161 +/- 5.479690530184043
Beta: 0.09825441522786696 +/- 0.01251520297397867
Gamma: 0.09146733052194302 +/- 0.019574726895982674

Signal Parameters
Mean: 90.06674607909585 +/- 0.38967097417363944
Sigma 1: 3.652649769691665 +/- 0.4112174410107735
Sigma 2: 719632349.5432032 +/- 4164313068266862.5
Alpha: 66921.79377875899 +/- 10347.373847346546

N_sig: 57283.37094524236 +/- 239.33944711485057
N_bkg: 50166.62905475765 +/- 223.97908173478532
Total: 107450.0
